output {{24,26,27,11,10,22,13,23,21,6,20,9,8,15,12,19,18,16,7,25},
{24,26,27,11,10,22,13,23,21,6,20,9,8,15,12,19,18,16,7,25},
{24,26,27,11,10,22,13,23,21,6,20,9,8,15,12,19,18,16,7,25},
{24,26,27,11,10,22,13,23,21,6,20,9,8,15,12,19,18,16,7,25},
{24,26,27,11,10,22,13,23,21,6,20,9,8,15,12,19,18,16,7,25},
{24,26,27,11,10,22,13,23,21,6,20,9,8,15,12,19,18,16,7,25},
{7,16,25,3,1,20,9,9,8,18,18,4},
{7,16,25,3,1,20,9,9,8,18,18,4},
{7,16,25,3,1,20,9,9,8,18,18,4},
{7,16,25,3,1,20,9,9,8,18,18,4},
{7,16,25,3,1,20,9,9,8,18,18,4},
{7,16,25,3,1,20,9,9,8,18,18,4},
{7,16,25,3,1,20,9,9,8,18,18,4},
{7,16,25,3,1,20,9,9,8,18,18,4},
{7,16,25,3,1,20,9,9,8,18,18,4},
{7,16,25,3,1,20,9,9,8,18,18,4},
{2,6,21,3,9,5,18,20,14,4},
{2,6,21,3,9,5,18,20,14,4},
{2,6,21,3,9,5,18,20,14,4},
{2,6,21,3,9,5,18,20,14,4},
{2,6,21,3,9,5,18,20,14,4},
{2,6,21,3,9,5,18,20,14,4},
{2,6,21,3,9,5,18,20,14,4},
{2,6,21,3,9,5,18,20,14,4},
{2,6,21,3,9,5,18,20,14,4},
{2,6,21,3,9,5,18,20,14,4},
{2,6,21,3,9,5,18,20,14,4},
{2,6,21,3,9,5,18,20,14,4},
{23,18,20,1,12,14,15,19,14,4},
{23,18,20,1,12,14,15,19,14,4},
{23,18,20,1,12,14,15,19,14,4},
{23,18,20,1,12,14,15,19,14,4},
{23,18,20,1,12,14,15,19,14,4},
{23,18,20,1,12,14,15,19,14,4},
{23,18,20,1,12,14,15,19,14,4},
{23,18,20,1,12,14,15,19,14,4},
{23,18,20,1,12,14,15,19,14,4},
{23,18,20,1,12,14,15,19,14,4},
{23,18,20,1,12,14,15,19,14,4},
{23,18,20,1,12,14,15,19,14,4},
{13,20,1,8,5,15,12,19},
{13,20,1,8,5,15,12,19},
{13,20,1,8,5,15,12,19},
{13,20,1,8,5,15,12,19},
{13,20,1,8,5,15,12,19},
{13,20,1,8,5,15,12,19},
{13,20,1,8,5,15,12,19},
{13,20,1,8,5,15,12,19},
{13,20,1,8,5,15,12,19},
{13,20,1,8,5,15,12,19},
{13,20,1,8,5,15,12,19},
{13,20,1,8,5,15,12,19},
{13,20,1,8,5,15,12,19},
{13,20,1,8,5,15,12,19},
{13,20,1,8,5,15,12,19},
{5,20,14,19,8,9},
{5,20,14,19,8,9},
{5,20,14,19,8,9},
{5,20,14,19,8,9},
{5,20,14,19,8,9},
{5,20,14,19,8,9},
{5,20,14,19,8,9},
{5,20,14,19,8,9},
{5,20,14,19,8,9},
{5,20,14,19,8,9},
{5,20,14,19,8,9},
{5,20,14,19,8,9},
{5,20,14,19,8,9},
{5,20,14,19,8,9},
{5,20,14,19,8,9},
{5,20,14,19,8,9},
{5,20,14,19,8,9},
{5,20,14,19,8,9},
{5,20,14,19,8,9},
{5,20,14,19,8,9},
{5,5,1,15},
{5,5,1,15},
{5,5,1,15},
{5,5,1,15},
{5,5,1,15},
{5,5,1,15},
{5,5,1,15},
{5,5,1,15},
{5,5,1,15},
{5,5,1,15},
{5,5,1,15},
{5,5,1,15},
{5,5,1,15},
{5,5,1,15},
{5,5,1,15},
{5,5,1,15},
{5,5,1,15},
{5,5,1,15},
{5,5,1,15},
{5,5,1,15},
{5,5,1,15},
{5,5,1,15},
{5,5,1,15},
{5,5,1,15},
{5,5,1,15},
{5,5,1,15},
{5,5,1,15},
{5,5,1,15},
{5,5,1,15},
{5,5,1,15}}