output 1d{-2,-1,-1,-1,-1,-1,0,0,0,0,0,0,1,1,1,1,1,2} named "Default Deck"

output 1d{-2,-1,-1,-1,-1,-1,0,0,0,0,0,0,1,1,1,1,1,2,3} named "Add 3"

output 1d{-2,-1,-1,-1,-1,-1,0,0,0,0,0,0,1,1,1,1,1,1,1,2} named "Add 1,1"

output 1d{-2,-1,-1,-1,-1,0,0,0,0,0,0,1,1,1,1,1,1,2} named "Replace -1 with 1"

output 1d{-2,-1,-1,-1,0,0,0,0,0,0,1,1,1,1,1,2} named "Remove -1,-1"

output 1d{-1,-1,-1,-1,-1,0,0,0,0,0,0,0,1,1,1,1,1,2} named "Replace -2 with 0"

output 1d{-2,-1,-1,-1,-1,-1,0,0,0,0,0,0,1,1,1,1,1,2,2} named "Replace 0 with 2"

output 1d{-2,-2,-1,-1,-1,-1,-1,0,0,0,0,0,0,1,1,1,1,1,2,2,2} named "Add -2,2,2"