output 4d{0,0,0,0,0,0, 0,0,0,0,0,0, 0,0,0,1,1,1, 0,0,0,1,1,1, 1,1,1,1,1,1, 1,1,1,1,1,1} named "basic 2x 6400"
output 4d{0,0,0,0,0,0, 0,0,0,0,0,0, 0,0,0,1,1,1, 1,1,1,1,1,1, 1,1,1,1,1,1, 1,1,1,1,1,1} named "calibre against everything on WF"
output 5d{0,0,0,0,0,0, 0,0,0,0,0,0, 0,0,0,1,1,1, 0,0,0,1,1,1, 1,1,1,1,1,1, 1,1,1,1,1,1} named "Fusillade(1)"
output 4d{0,0,0,0,0,0, 0,0,0,1,1,1, 0,0,0,1,1,1, 1,1,1,1,1,1, 1,1,1,1,1,1, 1,1,1,1,1,1} named "+1 lock on WF"
output 6d{0,0,0,0,0,0, 0,0,0,0,0,0, 0,0,0,1,1,1, 0,0,0,1,1,1, 1,1,1,1,1,1, 1,1,1,1,1,1} named "Fusillade(2)"
output 4d{0,0,0,0,0,0, 0,0,0,0,0,0, 0,0,0,1,1,1, 0,0,0,1,1,1, 2,2,2,2,2,2, 2,2,2,2,2,2} named "+1 damage on crits on WF"




