output 1d6 named "base"
output 1d8 named "a"
output [highest 1 of 2d6] named "t"
output [highest 1 of 2d8] named "at"
output 2d6 named "20"
output 2d8 named "20a"
output [highest 1 of 2d{7,8,8,9,9,9,10,10,10,10,11,11,11,11,11,12,12,12,12,12,12,13,13,13,13,13,14,14,14,14,15,15,15,16,16,17}]-5 named "20t"
output [highest 1 of 2d{7,8,8,9,9,9,10,10,10,10,11,11,11,11,11,12,12,12,12,12,12,13,13,13,13,13,13,13,14,14,14,14,14,14,14,14,15,15,15,15,15,15,15,16,16,16,16,16,16,17,17,17,17,17,18,18,18,18,19,19,19,20,20,21}]-5 named "20at"
output 1d6+5 named "HE base"
output 1d8+5 named "HE a"
output [highest 1 of 2d6]+5 named "HE t"
output [highest 1 of 2d8]+5 named "HE at"
output 2d{1,2,3,4,5,6}+5 named "HE 20"
output 2d{1,2,3,4,5,6,7,8}+5 named "HE 20a"
output [highest 1 of 2d{7,8,8,9,9,9,10,10,10,10,11,11,11,11,11,12,12,12,12,12,12,13,13,13,13,13,14,14,14,14,15,15,15,16,16,17}] named "HE 20t"
output [highest 1 of 2d{7,8,8,9,9,9,10,10,10,10,11,11,11,11,11,12,12,12,12,12,12,13,13,13,13,13,13,13,14,14,14,14,14,14,14,14,15,15,15,15,15,15,15,16,16,16,16,16,16,17,17,17,17,17,18,18,18,18,19,19,19,20,20,21}] named "HE 20at"