31
32
33
34
35
36
37
38
39
40
41
42
43
44
45
46
47
48
49
50
51
52
53
54
55
56
57
58
59
60
61
62
63
64
65
66
67
68
69
70
71
72
73
74
75
76
77
78
79
80
81
82
83
84
85
86
87
88
89
90
91
92
93
94
95
96
97
98     2 More
99     1 More
100 YOU MADE THE ONE HUNDRED
BONUSES 12
BONUSES 36
BONUSES 52
BONUSES 48
BONUSES 4.5
BONUSES 19
BONUSES 120
BONUSES 3
BONUSES 36
The end.
101
102
103
104
105
106 Band 22
107
108
109
110
111
112
113
114
115
116
117
118
119
120
121
122
123
124
125
126
127
128
129
130
131
132
133
134
135
136 Band 28
137
138
139
140
141
142
143
144
145
146
147
148 Band 30
149 Band 30
150
151
152
153
154
155
156
157 Band 32
158
159
160
161
162
163
164 Band 33
165
166
167 Band 34
168
169
170
171
172 Band 35
173
174
175
176 Band 36
177
178
179
180 Band 36
181 Band 37
182
183
184
185 Band 37
186
187
188 horn
189
190
191
192
193
194 Band 39
195
196
197
198
199 ALMOST 200!
200
201
202
203
204
205
206
207
208
209
210
211
212
213
214
215
216
217 Band 44
218 Band 44
219
220
221
222
223
224
225
226
227
228
229 Band 46
230 Band 46
231 Band 47
232
233
234
235
236
237
238
239
240
241
242
243
244
245 Band 49
246
247
248ðŸ˜•
249 Band 50
250
251
126+126=252
253
256-2=254
255
256+0=256
256+1=257
256+2=258
256+3=259
260
261 Band 53-56
262
263
264
265
266
267
268
269
270
271
272
273
274
275
276 Band 56
277
278
279
280
281
282
283
284
285
286 Band 58
287
288
289
290 Band 58
291 Band 59
292 Band 59 & 60
293
294
295
296
297 Band 60
298 Band 60
299 1 More
300
301
302
303
304
305 Band 61
306 Band 62
307
308
309
310
311 Band 63
312
313
314 Band 63
315
316 Band 64
317 Band 64
318
319
300+20=320
321
322
323
324
325
326 Band 66
327 Band 66
328
329
330
331
166+166=332
166+167=333
334
335 Band 67
336
337
338 Band 68
339 Band 68
340
341
342
343 Band 69
344 Band 69
345
346 Band 70
347 Band 70
348
349
350
351
176+176=352
353
354
355
356 Band 72
357 Band 72
358
359
360
361
362
363
364
365
366 Band 74
367 Band 74
368 Band 74
369 Band 74
370
371
372
373 Band 75
374 Band 75
375
376 Band 76
377
378
379 Band 76
380 Band 76
381 Band 77
382
383
384
385
386 Band 78
387
388
389
390 Band 78
391 Band 79 & 80
392
393
394
3ï¸âƒ£9ï¸âƒ£5ï¸âƒ£
396 Band 80
397
398 2 More
399 1 More
400 ðŸ‘‘
401
402
201+202=403
403+1=404
405
406
407 Band 82
408
409
410
411
412
413 Band 83
414 Band 83
415
416 Band 84
417
418
419
420
421
422
423
424
425
426 Band 86
427
428
429
430
431 Band 87
432
433 Band 87
434 Band 87
435
436 Band 88
437 Band 88
438
439
440
441
442 Band 89
443 Band 89
444 Band 89
445 Band 89
446 Band 90
447 Band 90
448 Band 90
449 Band 90
450 Band 90
461
462
463
464 Band 93
465 Band 93
466
467
468 Band 94
469 Band 94
470
471
472
473
474 Band 95
475 Band 95