output 4d{0,0,0,0,0,0, 0,0,0,0,0,0, 1,1,1,1,1,1, 1,1,1,1,1,1, 0,0,0,0,1,1, 0,0,0,0,1,1} named "1x disintegrator vs 3+"
output 4d{0,0,0,0,0,0, 0,0,0,0,0,0, 1,1,1,1,1,1, 1,1,1,1,1,1, 0,0,0,1,1,1, 0,0,0,1,1,1} named "1x disintegrator vs 4+"
output 4d{0,0,0,0,0,0, 0,0,0,0,0,0, 1,1,1,1,1,1, 1,1,1,1,1,1, 0,0,1,1,1,1, 0,0,1,1,1,1} named "1x disintegrator vs 5+"

output 1d{0,0,0,0,0,0, 0,0,0,0,0,0, 2,2,2,2,2,2, 2,2,2,2,2,2, 2,2,2,2,2,2, 2,2,2,2,2,2} named "3+ particle lance monad"
output 1d{0,0,0,0,0,0, 2,2,2,2,2,2, 2,2,2,2,2,2, 2,2,2,2,2,2, 2,2,2,2,2,2, 2,2,2,2,2,2} named "2+ particle lance monad"

output 8d{0,0,0,0,0,0, 0,0,0,0,0,0, 1,1,1,1,1,1, 1,1,1,1,1,1, 0,0,0,0,1,1, 0,0,0,0,1,1} named "2x disintegrator vs 3+"
output 8d{0,0,0,0,0,0, 0,0,0,0,0,0, 1,1,1,1,1,1, 1,1,1,1,1,1, 0,0,0,1,1,1, 0,0,0,1,1,1} named "2x disintegrator vs 4+"
output 8d{0,0,0,0,0,0, 0,0,0,0,0,0, 1,1,1,1,1,1, 1,1,1,1,1,1, 0,0,1,1,1,1, 0,0,1,1,1,1} named "2x disintegrator vs 5+"

output 2d{0,0,0,0,0,0, 0,0,0,0,0,0, 2,2,2,2,2,2, 2,2,2,2,2,2, 2,2,2,2,2,2, 2,2,2,2,2,2} named "3+ particle lance duad"
output 2d{0,0,0,0,0,0, 2,2,2,2,2,2, 2,2,2,2,2,2, 2,2,2,2,2,2, 2,2,2,2,2,2, 2,2,2,2,2,2} named "2+ particle lance duad"

output 12d{0,0,0,0,0,0, 0,0,0,0,0,0, 1,1,1,1,1,1, 1,1,1,1,1,1, 0,0,0,0,1,1, 0,0,0,0,1,1} named "3x disintegrator vs 3+"
output 12d{0,0,0,0,0,0, 0,0,0,0,0,0, 1,1,1,1,1,1, 1,1,1,1,1,1, 0,0,0,1,1,1, 0,0,0,1,1,1} named "3x disintegrator vs 4+"
output 12d{0,0,0,0,0,0, 0,0,0,0,0,0, 1,1,1,1,1,1, 1,1,1,1,1,1, 0,0,1,1,1,1, 0,0,1,1,1,1} named "3x disintegrator vs 5+"

output 3d{0,0,0,0,0,0, 0,0,0,0,0,0, 2,2,2,2,2,2, 2,2,2,2,2,2, 2,2,2,2,2,2, 2,2,2,2,2,2} named "3+ particle lance triad"
output 3d{0,0,0,0,0,0, 2,2,2,2,2,2, 2,2,2,2,2,2, 2,2,2,2,2,2, 2,2,2,2,2,2, 2,2,2,2,2,2} named "2+ particle lance triad"
