output 2d{-1,0,0,0,1,1} named "2d6"
output 1d{-1,0,0,0,1,1}+1d{-1,0,0,0,1,1,1,1} named "1d6+1d8"
output 1d{-1,0,0,0,1,1}+1d{-1,0,0,0,1,1,1,1,1,1} named "1d6+1d10"
output 1d{-1,0,0,0,1,1}+1d{-1,0,0,0,1,1,1,1,1,1,1,1} named "1d6+1d12"
output 2d{-1,0,0,0,1,1,1,1} named "2d8"
output 1d{-1,0,0,0,1,1,1,1}+1d{-1,0,0,0,1,1,1,1,1,1} named "1d8+1d10"
output 1d{-1,0,0,0,1,1,1,1}+1d{-1,0,0,0,1,1,1,1,1,1,1,1} named "1d8+1d12"
output 2d{-1,0,0,0,1,1,1,1,1,1} named "2d10"
output 1d{-1,0,0,0,1,1,1,1,1,1}+1d{-1,0,0,0,1,1,1,1,1,1,1,1} named "1d10+1d12"
output 2d{-1,0,0,0,1,1,1,1,1,1,1,1} named "2d12"
output 3d{-1,0,0,0,1,1} named "3d6"
output 2d{-1,0,0,0,1,1}+1d{-1,0,0,0,1,1,1,1} named "2d6+1d8"
output 2d{-1,0,0,0,1,1}+1d{-1,0,0,0,1,1,1,1,1,1} named "2d6+1d10"
output 2d{-1,0,0,0,1,1}+1d{-1,0,0,0,1,1,1,1,1,1,1,1} named "2d6+1d12"
output 1d{-1,0,0,0,1,1}+2d{-1,0,0,0,1,1,1,1} named "1d6+2d8"
output 1d{-1,0,0,0,1,1}+1d{-1,0,0,0,1,1,1,1}+1d{-1,0,0,0,1,1,1,1,1,1} named "1d6+1d8+1d10"
output 1d{-1,0,0,0,1,1}+1d{-1,0,0,0,1,1,1,1}+1d{-1,0,0,0,1,1,1,1,1,1,1,1} named "1d6+1d8+1d12"
output 1d{-1,0,0,0,1,1}+2d{-1,0,0,0,1,1,1,1,1,1} named "1d6+2d10"
output 1d{-1,0,0,0,1,1}+1d{-1,0,0,0,1,1,1,1,1,1}+1d{-1,0,0,0,1,1,1,1,1,1,1,1} named "1d6+1d10+1d12"
output 1d{-1,0,0,0,1,1}+2d{-1,0,0,0,1,1,1,1,1,1,1,1} named "1d6+2d12"
output 2d{-1,0,0,0,1,1,1,1}+1d{-1,0,0,0,1,1,1,1} named "2d6+1d8"
output 1d{-1,0,0,0,1,1,1,1}+2d{-1,0,0,0,1,1,1,1} named "1d6+2d8"
output 1d{-1,0,0,0,1,1}+1d{-1,0,0,0,1,1,1,1}+1d{-1,0,0,0,1,1,1,1,1,1} named "1d6+1d8+1d10"
output 1d{-1,0,0,0,1,1}+1d{-1,0,0,0,1,1,1,1}+1d{-1,0,0,0,1,1,1,1,1,1,1,1} named "1d6+1d8+1d12"
output 3d{-1,0,0,0,1,1,1,1} named "3d8"
output 2d{-1,0,0,0,1,1,1,1}+1d{-1,0,0,0,1,1,1,1,1,1} named "2d8+1d10"
output 2d{-1,0,0,0,1,1,1,1}+1d{-1,0,0,0,1,1,1,1,1,1,1,1} named "2d8+1d12"
output 1d{-1,0,0,0,1,1,1,1}+2d{-1,0,0,0,1,1,1,1,1,1} named "1d8+2d10"
output 1d{-1,0,0,0,1,1,1,1}+1d{-1,0,0,0,1,1,1,1,1,1}+1d{-1,0,0,0,1,1,1,1,1,1,1,1} named "1d8+1d10+1d12"
output 1d{-1,0,0,0,1,1,1,1}+2d{-1,0,0,0,1,1,1,1,1,1,1,1} named "1d8+2d12"
output 2d{-1,0,0,0,1,1}+1d{-1,0,0,0,1,1,1,1,1,1} named "2d6+1d10"
output 1d{-1,0,0,0,1,1}+1d{-1,0,0,0,1,1,1,1}+1d{-1,0,0,0,1,1,1,1,1,1} named "1d6+1d8+1d10"
output 1d{-1,0,0,0,1,1}+2d{-1,0,0,0,1,1,1,1,1,1} named "1d6+2d10"
output 1d{-1,0,0,0,1,1}+1d{-1,0,0,0,1,1,1,1,1,1}+1d{-1,0,0,0,1,1,1,1,1,1,1,1} named "1d6+1d10+1d12"
output 1d{-1,0,0,0,1,1,1,1,1,1}+2d{-1,0,0,0,1,1,1,1} named "2d8+1d10"
output 2d{-1,0,0,0,1,1,1,1,1,1}+1d{-1,0,0,0,1,1,1,1} named "1d8+2d10"
output 1d{-1,0,0,0,1,1,1,1,1,1}+1d{-1,0,0,0,1,1,1,1}+1d{-1,0,0,0,1,1,1,1,1,1,1,1} named "1d8+1d10+1d12"
output 3d{-1,0,0,0,1,1,1,1,1,1} named "3d10"
output 2d{-1,0,0,0,1,1,1,1,1,1}+1d{-1,0,0,0,1,1,1,1,1,1,1,1} named "2d10+1d12"
output 1d{-1,0,0,0,1,1,1,1,1,1}+2d{-1,0,0,0,1,1,1,1,1,1,1,1} named "1d10+2d12"
output 2d{-1,0,0,0,1,1}+1d{-1,0,0,0,1,1,1,1,1,1,1,1} named "2d6+1d12"
output 1d{-1,0,0,0,1,1}+1d{-1,0,0,0,1,1,1,1}+1d{-1,0,0,0,1,1,1,1,1,1,1,1} named "1d6+1d8+1d12"
output 1d{-1,0,0,0,1,1}+1d{-1,0,0,0,1,1,1,1,1,1}+1d{-1,0,0,0,1,1,1,1,1,1,1,1} named "1d6+1d10+1d12"
output 1d{-1,0,0,0,1,1}+2d{-1,0,0,0,1,1,1,1,1,1,1,1} named "1d6+2d12"
output +1d{-1,0,0,0,1,1,1,1,1,1,1,1}+2d{-1,0,0,0,1,1,1,1} named "2d8+1d12"
output 1d{-1,0,0,0,1,1,1,1,1,1}+1d{-1,0,0,0,1,1,1,1}+1d{-1,0,0,0,1,1,1,1,1,1,1,1} named "1d8+1d10+1d12"
output 1d{-1,0,0,0,1,1,1,1}+2d{-1,0,0,0,1,1,1,1,1,1,1,1} named "1d8+2d12"
output 2d{-1,0,0,0,1,1,1,1,1,1}+1d{-1,0,0,0,1,1,1,1,1,1,1,1} named "2d10+1d12"
output 1d{-1,0,0,0,1,1,1,1,1,1}+2d{-1,0,0,0,1,1,1,1,1,1,1,1} named "1d10+2d12"
output 3d{-1,0,0,0,1,1,1,1,1,1,1,1} named "3d12"