output d{1,2,3,4,5,6,7,8,9,10,0,20}
output [highest 1 of 2d{1,2,3,4,5,6,7,8,9,10,0,20}]

output d{1,2,3,4,5,6,7,8,9,10,0,20}+1d6
output [highest 1 of 2d{1,2,3,4,5,6,7,8,9,10,0,20}]+1d6
output d{1,2,3,4,5,6,7,8,9,10,0,20}+1d{0,0,0,4,5,6}
output [highest 1 of 2d{1,2,3,4,5,6,7,8,9,10,0,20}]+1d{0,0,0,4,5,6}

output d{1,2,3,4,5,6,7,8,9,10,0,20}+2d6
output [highest 1 of 2d{1,2,3,4,5,6,7,8,9,10,0,20}]+2d6
output d{1,2,3,4,5,6,7,8,9,10,0,20}+2d{0,0,0,4,5,6}
output [highest 1 of 2d{1,2,3,4,5,6,7,8,9,10,0,20}]+2d{0,0,0,4,5,6}

output d{1,2,3,4,5,6,7,8,9,10,0,20}+3d6
output [highest 1 of 2d{1,2,3,4,5,6,7,8,9,10,0,20}]+3d6
output d{1,2,3,4,5,6,7,8,9,10,0,20}+3d{0,0,0,4,5,6}
output [highest 1 of 2d{1,2,3,4,5,6,7,8,9,10,0,20}]+3d{0,0,0,4,5,6}

output d{1,2,3,4,5,6,7,8,9,10,0,20}+4d6
output [highest 1 of 2d{1,2,3,4,5,6,7,8,9,10,0,20}]+4d6
output d{1,2,3,4,5,6,7,8,9,10,0,20}+4d{0,0,0,4,5,6}
output [highest 1 of 2d{1,2,3,4,5,6,7,8,9,10,0,20}]+4d{0,0,0,4,5,6}
