output 6d{0,0,0,0,0,0, 0,0,0,0,0,0, 0,0,0,0,0,0, 0,0,0,0,0,0, 0,0,0,0,1,1, 0,0,0,0,1,1} named "PHR light battery vs 3+"
output 6d{0,0,0,0,0,0, 0,0,0,0,0,0, 0,0,0,0,0,0, 0,0,0,0,0,0, 0,0,0,1,1,1, 0,0,0,1,1,1} named "PHR light battery vs 4+"
output 6d{0,0,0,0,0,0, 0,0,0,0,0,0, 0,0,0,0,0,0, 0,0,0,0,0,0, 0,0,1,1,1,1, 0,0,1,1,1,1} named "PHR light battery vs 5+"

output 6d{0,0,0,0,0,0, 0,0,0,0,0,0, 0,0,0,0,0,0, 1,1,1,1,1,1, 0,0,0,0,1,1, 0,0,0,0,1,1} named "PHR light battery vs pref 3+"
output 6d{0,0,0,0,0,0, 0,0,0,0,0,0, 0,0,0,0,0,0, 1,1,1,1,1,1, 0,0,0,1,1,1, 0,0,0,1,1,1} named "PHR light battery vs pref 4+"
output 6d{0,0,0,0,0,0, 0,0,0,0,0,0, 0,0,0,0,0,0, 1,1,1,1,1,1, 0,0,1,1,1,1, 0,0,1,1,1,1} named "PHR light battery vs pref 5+"

output 4d{0,0,0,0,0,0, 0,0,0,0,0,0, 0,0,0,0,0,0, 1,1,1,1,1,1, 0,0,0,0,1,1, 0,0,0,0,1,1} named "PHR medium battery vs 3+"
output 4d{0,0,0,0,0,0, 0,0,0,0,0,0, 0,0,0,0,0,0, 1,1,1,1,1,1, 0,0,0,1,1,1, 0,0,0,1,1,1} named "PHR medium battery vs 4+"
output 4d{0,0,0,0,0,0, 0,0,0,0,0,0, 0,0,0,0,0,0, 1,1,1,1,1,1, 0,0,1,1,1,1, 0,0,1,1,1,1} named "PHR medium battery vs 5+"

output 2d{0,0,0,0,0,0, 0,0,0,0,0,0, 1,1,1,1,1,1, 1,1,1,1,1,1, 0,0,0,0,1,1, 0,0,0,0,1,1} named "PHR heavy battery vs 3+"
output 2d{0,0,0,0,0,0, 0,0,0,0,0,0, 1,1,1,1,1,1, 1,1,1,1,1,1, 0,0,0,1,1,1, 0,0,0,1,1,1} named "PHR heavy battery vs 4+"
output 2d{0,0,0,0,0,0, 0,0,0,0,0,0, 1,1,1,1,1,1, 1,1,1,1,1,1, 0,0,1,1,1,1, 0,0,1,1,1,1} named "PHR heavy battery vs 5+"

output 2d{0,0,0,0,0,0, 1,1,1,1,1,1, 1,1,1,1,1,1, 1,1,1,1,1,1, 0,0,0,0,1,1, 0,0,0,0,1,1} named "PHR heavy battery vs pref 3+"
output 2d{0,0,0,0,0,0, 1,1,1,1,1,1, 1,1,1,1,1,1, 1,1,1,1,1,1, 0,0,0,1,1,1, 0,0,0,1,1,1} named "PHR heavy battery vs pref 4+"
output 2d{0,0,0,0,0,0, 1,1,1,1,1,1, 1,1,1,1,1,1, 1,1,1,1,1,1, 0,0,1,1,1,1, 0,0,1,1,1,1} named "PHR heavy battery vs pref 5+"

output 4d{0,0,0,0,0,0, 0,0,0,0,0,0, 0,0,0,0,0,0, 1,1,1,1,1,1, 0,0,0,0,1,1, 0,0,0,0,1,1} named "mod PHR light battery vs 3+"
output 4d{0,0,0,0,0,0, 0,0,0,0,0,0, 0,0,0,0,0,0, 1,1,1,1,1,1, 0,0,0,1,1,1, 0,0,0,1,1,1} named "mod PHR light battery vs 4+"
output 4d{0,0,0,0,0,0, 0,0,0,0,0,0, 0,0,0,0,0,0, 1,1,1,1,1,1, 0,0,1,1,1,1, 0,0,1,1,1,1} named "mod PHR light battery vs 5+"

output 4d{0,0,0,0,0,0, 0,0,0,0,0,0, 1,1,1,1,1,1, 1,1,1,1,1,1, 0,0,0,0,1,1, 0,0,0,0,1,1} named "mod PHR light battery vs pref 3+"
output 4d{0,0,0,0,0,0, 0,0,0,0,0,0, 1,1,1,1,1,1, 1,1,1,1,1,1, 0,0,0,1,1,1, 0,0,0,1,1,1} named "mod PHR light battery vs pref 4+"
output 4d{0,0,0,0,0,0, 0,0,0,0,0,0, 1,1,1,1,1,1, 1,1,1,1,1,1, 0,0,1,1,1,1, 0,0,1,1,1,1} named "mod PHR light battery vs pref 5+"

output 3d{0,0,0,0,0,0, 0,0,0,0,0,0, 1,1,1,1,1,1, 1,1,1,1,1,1, 0,0,0,0,1,1, 0,0,0,0,1,1} named "mod PHR medium battery vs 3+"
output 3d{0,0,0,0,0,0, 0,0,0,0,0,0, 1,1,1,1,1,1, 1,1,1,1,1,1, 0,0,0,1,1,1, 0,0,0,1,1,1} named "mod PHR medium battery vs 4+"
output 3d{0,0,0,0,0,0, 0,0,0,0,0,0, 1,1,1,1,1,1, 1,1,1,1,1,1, 0,0,1,1,1,1, 0,0,1,1,1,1} named "mod PHR medium battery vs 5+"

output 2d{0,0,0,0,0,0, 0,0,0,0,0,0, 1,1,1,1,1,1, 1,1,1,1,1,1, 0,0,0,0,1,1, 0,0,0,0,1,1} named "mod PHR heavy battery vs 3+"
output 2d{0,0,0,0,0,0, 0,0,0,0,0,0, 1,1,1,1,1,1, 1,1,1,1,1,1, 0,0,0,1,1,1, 0,0,0,1,1,1} named "mod PHR heavy battery vs 4+"
output 2d{0,0,0,0,0,0, 0,0,0,0,0,0, 1,1,1,1,1,1, 1,1,1,1,1,1, 0,0,1,1,1,1, 0,0,1,1,1,1} named "mod PHR heavy battery vs 5+"

output 2d{0,0,0,0,0,0, 2,2,2,2,2,2, 2,2,2,2,2,2, 2,2,2,2,2,2, 0,0,0,0,1,1, 0,0,0,0,1,1} named "mod PHR heavy battery vs pref 3+"
output 2d{0,0,0,0,0,0, 2,2,2,2,2,2, 2,2,2,2,2,2, 2,2,2,2,2,2, 0,0,0,1,1,1, 0,0,0,1,1,1} named "mod PHR heavy battery vs pref 4+"
output 2d{0,0,0,0,0,0, 2,2,2,2,2,2, 2,2,2,2,2,2, 2,2,2,2,2,2, 0,0,1,1,1,1, 0,0,1,1,1,1} named "mod PHR heavy battery vs pref 5+"