output {{24,26,27,11,10,22,13,23,21,6,20,9,8,15,12,19,18,1,4,4},
{24,26,27,11,10,22,13,23,21,6,20,9,8,15,12,19,18,1,4,4},
{24,26,27,11,10,22,13,23,21,6,20,9,8,15,12,19,18,1,4,4},
{24,26,27,11,10,22,13,23,21,6,20,9,8,15,12,19,18,1,4,4},
{24,26,27,11,10,22,13,23,21,6,20,9,8,15,12,19,18,1,4,4},
{24,26,27,11,10,22,13,23,21,6,20,9,8,15,12,19,18,1,4,4},
{7,16,25,3,20,20,9,9,8,18,18,1},
{7,16,25,3,20,20,9,9,8,18,18,1},
{7,16,25,3,20,20,9,9,8,18,18,1},
{7,16,25,3,20,20,9,9,8,18,18,1},
{7,16,25,3,20,20,9,9,8,18,18,1},
{7,16,25,3,20,20,9,9,8,18,18,1},
{7,16,25,3,20,20,9,9,8,18,18,1},
{7,16,25,3,20,20,9,9,8,18,18,1},
{7,16,25,3,20,20,9,9,8,18,18,1},
{7,16,25,3,20,20,9,9,8,18,18,1},
{2,6,23,21,3,9,5,18,1,14},
{2,6,23,21,3,9,5,18,1,14},
{2,6,23,21,3,9,5,18,1,14},
{2,6,23,21,3,9,5,18,1,14},
{2,6,23,21,3,9,5,18,1,14},
{2,6,23,21,3,9,5,18,1,14},
{2,6,23,21,3,9,5,18,1,14},
{2,6,23,21,3,9,5,18,1,14},
{2,6,23,21,3,9,5,18,1,14},
{2,6,23,21,3,9,5,18,1,14},
{2,6,23,21,3,9,5,18,1,14},
{2,6,23,21,3,9,5,18,1,14},
{23,18,1,4,12,14,15,19,14,4},
{23,18,1,4,12,14,15,19,14,4},
{23,18,1,4,12,14,15,19,14,4},
{23,18,1,4,12,14,15,19,14,4},
{23,18,1,4,12,14,15,19,14,4},
{23,18,1,4,12,14,15,19,14,4},
{23,18,1,4,12,14,15,19,14,4},
{23,18,1,4,12,14,15,19,14,4},
{23,18,1,4,12,14,15,19,14,4},
{23,18,1,4,12,14,15,19,14,4},
{23,18,1,4,12,14,15,19,14,4},
{23,18,1,4,12,14,15,19,14,4},
{13,20,20,8,5,15,12,19},
{13,20,20,8,5,15,12,19},
{13,20,20,8,5,15,12,19},
{13,20,20,8,5,15,12,19},
{13,20,20,8,5,15,12,19},
{13,20,20,8,5,15,12,19},
{13,20,20,8,5,15,12,19},
{13,20,20,8,5,15,12,19},
{13,20,20,8,5,15,12,19},
{13,20,20,8,5,15,12,19},
{13,20,20,8,5,15,12,19},
{13,20,20,8,5,15,12,19},
{13,20,20,8,5,15,12,19},
{13,20,20,8,5,15,12,19},
{13,20,20,8,5,15,12,19},
{5,20,14,19,8,9},
{5,20,14,19,8,9},
{5,20,14,19,8,9},
{5,20,14,19,8,9},
{5,20,14,19,8,9},
{5,20,14,19,8,9},
{5,20,14,19,8,9},
{5,20,14,19,8,9},
{5,20,14,19,8,9},
{5,20,14,19,8,9},
{5,20,14,19,8,9},
{5,20,14,19,8,9},
{5,20,14,19,8,9},
{5,20,14,19,8,9},
{5,20,14,19,8,9},
{5,20,14,19,8,9},
{5,20,14,19,8,9},
{5,20,14,19,8,9},
{5,20,14,19,8,9},
{5,20,14,19,8,9},
{5,5,1,15},
{5,5,1,15},
{5,5,1,15},
{5,5,1,15},
{5,5,1,15},
{5,5,1,15},
{5,5,1,15},
{5,5,1,15},
{5,5,1,15},
{5,5,1,15},
{5,5,1,15},
{5,5,1,15},
{5,5,1,15},
{5,5,1,15},
{5,5,1,15},
{5,5,1,15},
{5,5,1,15},
{5,5,1,15},
{5,5,1,15},
{5,5,1,15},
{5,5,1,15},
{5,5,1,15},
{5,5,1,15},
{5,5,1,15},
{5,5,1,15},
{5,5,1,15},
{5,5,1,15},
{5,5,1,15},
{5,5,1,15},
{5,5,1,15}}