TNEIGHT: {0,0,0,0,0,0,0,0,0,0,
0,0,0,0,0,0,0,0,0,0,
0,0,0,0,0,0,0,0,0,0,
0,0,0,0,0,0,0,0,0,0,
0,0,0,0,0,0,0,0,0,0,
0,0,0,0,0,0,0,0,0,0,
0,0,0,0,0,0,0,0,0,0,
1,1,1,1,1,1,1,1,1,1,
1,1,1,1,1,1,1,1,1,1,
1,1,1,1,1,1,1,2,2,2}

TNSEVEN: {0,0,0,0,0,0,0,0,0,0,
0,0,0,0,0,0,0,0,0,0,
0,0,0,0,0,0,0,0,0,0,
0,0,0,0,0,0,0,0,0,0,
0,0,0,0,0,0,0,0,0,0,
0,0,0,0,0,0,0,0,0,0,
1,1,1,1,1,1,1,1,1,1,
1,1,1,1,1,1,1,1,1,1,
1,1,1,1,1,1,1,1,1,1,
1,1,1,1,1,1,2,2,2,2}

TNEIGHTNINE: {0,0,0,0,0,0,0,0,0,0,
0,0,0,0,0,0,0,0,0,0,
0,0,0,0,0,0,0,0,0,0,
0,0,0,0,0,0,0,0,0,0,
0,0,0,0,0,0,0,0,0,0,
0,0,0,0,0,0,0,0,0,0,
0,0,0,0,0,0,0,0,0,0,
1,1,1,1,1,1,1,1,1,1,
1,1,1,1,1,1,1,2,2,2,
1,1,1,1,1,1,1,2,2,2}

TNEIGHTEIGHT: {0,0,0,0,0,0,0,0,0,0,
0,0,0,0,0,0,0,0,0,0,
0,0,0,0,0,0,0,0,0,0,
0,0,0,0,0,0,0,0,0,0,
0,0,0,0,0,0,0,0,0,0,
0,0,0,0,0,0,0,0,0,0,
0,0,0,0,0,0,0,0,0,0,
1,1,1,1,1,1,1,2,2,2,
1,1,1,1,1,1,1,2,2,2,
1,1,1,1,1,1,1,2,2,2}

function: dice SUCCESSES:s enhancement ENHANCEMENT:s{
if SUCCESSES > 0 {result: SUCCESSES +ENHANCEMENT}
if SUCCESSES = 0 {result: 0}
}

output [dice 8dTNEIGHT enhancement 0] named "8 dice, 10 again"
output [dice 8dTNEIGHTNINE enhancement 0] named "8 dice, 9 again"
output [dice 8dTNEIGHTEIGHT enhancement 0] named "8 dice, 8 again"
