output 1d{1,2,3,4,5,6,7,8,9,0, 0,0}
output 1d{1,2,3,4,5,6,7,8,9,10,11, 12}
output 1d{1,2,3,4,5,6,7,8,9,10, 0,0}+1
output 1d{1,2,3,4,5,6,7,8,9,10,11, 12}+1
output 1d{1,2,3,4,5,6,7,8,9,10, 0,0}+2
output 1d{1,2,3,4,5,6,7,8,9,10,11, 12}+2
output 1d{1,2,3,4,5,6,7,8,9,10, 0,0}+3
output 1d{1,2,3,4,5,6,7,8,9,10,11, 12}+3
output 1d{1,2,3,4,5,6,7,8,9,10, 0,0}+4
output 1d{1,2,3,4,5,6,7,8,9,10,11, 12}+4
output 1d{1,2,3,4,5,6,7,8,9,10, 0,0}+5
output 1d{1,2,3,4,5,6,7,8,9,10,11, 12}+5
output 1d{1,2,3,4,5,6,7,8,9,10, 0,0}+6
output 1d{1,2,3,4,5,6,7,8,9,10,11, 12}+6
output 1d{1,2,3,4,5,6,7,8,9,10, 0,0}+7
output 1d{1,2,3,4,5,6,7,8,9,10,11, 12}+7
output 1d{1,2,3,4,5,6,7,8,9,10, 0,0}+8
output 1d{1,2,3,4,5,6,7,8,9,10,11, 12}+8
