\	INCREASING d10 + SKILL12s
\
BD: {0,0,0,0,0,0,0,0,0,1}\d10\

output 1d{0,0,0,0,0,0,0,0,0,1} + 1d{0,0,0,0,0,0,0,0,0,0,0,1}
output 1d{0,0,0,0,0,0,0,0,1,1} + 2d{0,0,0,0,0,0,0,0,0,0,1,1}
output 1d{0,0,0,0,0,0,0,1,1,1} + 3d{0,0,0,0,0,0,0,0,0,1,1,1}
output 1d{0,0,0,0,0,0,1,1,1,1} + 4d{0,0,0,0,0,0,0,0,1,1,1,1}
output 1d{0,0,0,0,0,1,1,1,1,1} + 5d{0,0,0,0,0,0,0,1,1,1,1,1}
output 1d{0,0,0,0,1,1,1,1,1,1} + 6d{0,0,0,0,0,0,1,1,1,1,1,1}
output 1d{0,0,0,1,1,1,1,1,1,1} + 7d{0,0,0,0,0,1,1,1,1,1,1,1}
output 1d{0,0,1,1,1,1,1,1,1,1} + 8d{0,0,0,0,1,1,1,1,1,1,1,1}
output 1d{0,1,1,1,1,1,1,1,1,1} + 9d{0,0,0,1,1,1,1,1,1,1,1,1}
output 1d{1,1,1,1,1,1,1,1,1,1} + 10d{0,0,1,1,1,1,1,1,1,1,1,1}

\for scale\
output d{12}