output 2d{0,0,0,0,0,0, 0,0,0,0,0,0, 1,1,1,1,1,1, 1,1,1,1,1,1, 0,0,0,0,1,1, 0,0,0,0,1,1} named "normal bomber vs 3+"
output 2d{0,0,0,0,0,0, 0,0,0,0,0,0, 1,1,1,1,1,1, 1,1,1,1,1,1, 0,0,0,1,1,1, 0,0,0,1,1,1} named "normal bomber vs 4+"
output 2d{0,0,0,0,0,0, 0,0,0,0,0,0, 1,1,1,1,1,1, 1,1,1,1,1,1, 0,0,1,1,1,1, 0,0,1,1,1,1} named "normal bomber vs 5+"
output 2d{0,0,0,0,0,0, 1,1,1,1,1,1, 1,1,1,1,1,1, 1,1,1,1,1,1, 0,0,0,0,1,1, 0,0,0,0,1,1} named "PHR bomber vs 3+"
output 2d{0,0,0,0,0,0, 1,1,1,1,1,1, 1,1,1,1,1,1, 1,1,1,1,1,1, 0,0,0,1,1,1, 0,0,0,1,1,1} named "PHR bomber vs 4+"
output 2d{0,0,0,0,0,0, 1,1,1,1,1,1, 1,1,1,1,1,1, 1,1,1,1,1,1, 0,0,1,1,1,1, 0,0,1,1,1,1} named "PHR bomber vs 5+"
output 2d{0,0,0,0,0,0, 0,0,0,0,0,0, 1,1,1,1,1,1, 1,1,1,1,1,1, 0,0,0,1,1,1, 0,0,0,1,1,1} named "Scourge bomber vs 3+"
output 2d{0,0,0,0,0,0, 0,0,0,0,0,0, 1,1,1,1,1,1, 1,1,1,1,1,1, 0,0,1,1,1,1, 0,0,1,1,1,1} named "Scourge bomber vs 4+"
output 2d{0,0,0,0,0,0, 0,0,0,0,0,0, 1,1,1,1,1,1, 1,1,1,1,1,1, 0,1,1,1,1,1, 0,1,1,1,1,1} named "Scourge bomber vs 5+"
output 3d{0,0,0,0,0,0, 0,0,0,0,0,0, 0,0,0,0,0,0, 1,1,1,1,1,1, 0,0,0,0,1,1, 0,0,0,0,1,1} named "UCM bomber vs 3+"
output 3d{0,0,0,0,0,0, 0,0,0,0,0,0, 0,0,0,0,0,0, 1,1,1,1,1,1, 0,0,0,1,1,1, 0,0,0,1,1,1} named "UCM bomber vs 4+"
output 3d{0,0,0,0,0,0, 0,0,0,0,0,0, 0,0,0,0,0,0, 1,1,1,1,1,1, 0,0,1,1,1,1, 0,0,1,1,1,1} named "UCM bomber vs 5+"
output 1d{0,0,0,0,0,0, 0,0,0,0,0,0, 2,2,2,2,2,2, 2,2,2,2,2,2, 2,2,2,2,2,2, 2,2,2,2,2,2} named "Shaltari bomber vs 3+"
output 1d{0,0,0,0,0,0, 0,0,0,0,0,0, 2,2,2,2,2,2, 2,2,2,2,2,2, 2,2,2,2,2,2, 2,2,2,2,2,2} named "Shaltari bomber vs 4+"
output 1d{0,0,0,0,0,0, 0,0,0,0,0,0, 2,2,2,2,2,2, 2,2,2,2,2,2, 2,2,2,2,2,2, 2,2,2,2,2,2} named "Shaltari bomber vs 5+"