output 1d6 named "base"
output 1d8 named "a"
output 1d10 named "f"
output [highest 1 of 2d6] named "t"
output [highest 1 of 2d8] named "at"
output [highest 1 of 2d10] named "ft"
output 2d6 named "20"
output 2d8 named "20a"
output 2d10 named "20f"
output [highest 1 of 2d{7,8,8,9,9,9,10,10,10,10,11,11,11,11,11,12,12,12,12,12,12,13,13,13,13,13,14,14,14,14,15,15,15,16,16,17}]-5 named "20t"
output [highest 1 of 2d{7,8,8,9,9,9,10,10,10,10,11,11,11,11,11,12,12,12,12,12,12,13,13,13,13,13,13,13,14,14,14,14,14,14,14,14,15,15,15,15,15,15,15,16,16,16,16,16,16,17,17,17,17,17,18,18,18,18,19,19,19,20,20,21}]-5 named "20at"
output [highest 1 of 2d{2,3,3,4,4,4,5,5,5,5,6,6,6,6,6,7,7,7,7,7,7,8,8,8,8,8,8,8,9,9,9,9,9,9,9,9,10,10,10,10,10,10,10,10,10,11,11,11,11,11,11,11,11,11,11,12,12,12,12,12,12,12,12,12,13,13,13,13,13,13,13,13,14,14,14,14,14,14,14,15,15,15,15,15,15,16,16,16,16,16,17,17,17,17,18,18,18,19,19,20}] named "20ft"