output d10 named "dice"
ROLLS: {5, 7, 5, 7, 6, 5, 7, 6, 5, 3, 10, 3, 1, 1, 10, 6, 6, 10, 3, 6, 5, 6, 7, 9, 2, 5, 6, 6, 1, 3, 5, 8, 3, 2, 6, 8, 7, 4, 4, 2, 3, 10, 8, 7, 5, 10, 4, 3, 2, 4, 7, 7, 6, 2, 8, 7, 2, 3, 7, 9, 2, 4, 1, 7, 4, 10, 9, 6, 10, 7, 9, 1, 1, 2, 1, 10, 7, 9, 8, 5, 9, 4, 9, 9, 4, 6, 6, 4, 5, 1, 8, 9, 6, 8, 3, 5, 1, 10, 1, 7, 5, 2, 3, 4, 7, 6, 7, 9, 3, 8, 10, 5, 5, 2, 1, 2, 9, 4, 10, 10, 1, 3, 5, 10, 7, 9, 10, 5, 6, 10, 7, 10, 10, 4, 9, 3, 1, 5, 2, 9, 8, 7, 9, 6, 10, 9, 8, 4, 3, 7, 10, 10, 7, 2, 5, 6, 2, 8, 5, 7, 9, 10, 10, 8, 2, 2, 6, 7, 3, 4, 3, 8, 2, 8, 9, 3, 5, 7, 6, 10, 1, 2, 8, 6, 2, 8, 7, 4, 2, 3, 7, 1, 3, 4, 8, 7, 8, 7, 5, 8, 6, 10, 7, 2, 1, 9, 6, 2, 4, 6, 3, 4, 9, 5, 7, 7, 5, 1, 10, 10, 8, 2, 5, 4, 2, 8, 3, 9, 6, 9, 7, 7, 5, 5, 5, 8, 10, 2, 6, 5, 6, 6, 9, 8, 3, 7, 7, 5, 6, 3, 10, 8, 3, 2, 5, 5, 10, 9, 9, 8, 4, 3, 4, 8, 6, 5, 6, 3, 8, 3, 8, 1, 9, 3, 7, 4, 1, 2, 1, 1, 6, 2, 3, 7}
REROLLS: {2, 8, 7, 2, 1, 9, 4, 6, 5, 6, 6, 9, 4, 10, 10, 4, 4, 9, 7, 1, 4}

S: ROLLS<6
NR: ROLLS=1
D: #ROLLS
R: #REROLLS
RS: REROLLS<6
TS: S + 2*RS

output S named "successes: [S]"
output NR named "rerolls needed: [NR]"
output RS named "reroll successes: [RS]"
output TS named "total successes: [TS], rolled [D] dice and [R] rerolls"