7
16
5
6
15
2
5
16
8
12
8
12
14
6
4
7
19
14
4
16
8
7
16
4
2
4
9
12
9
7
3
18
7
15
16
1
11
8
6
3
12
11
13
17
5
13
20
1
18
11
18
2
4
4
3
15
18
10
8
11
7
6
13
9
13
2
15
20
17
1
19
5
6
20
6
19
3
10
18
16
17
18
1
11
17
7
7
10
18
5
16
12
7
20
11
3
7
10
11
3
16
14
5
8
7
17
5
12
9
12
5
19
12
5
6
19
2
14
6
9
17
14
11
12
19
17
12
8
10
1
9
18
5
6
2
5
19
19
11
12
17
4
6
19
8
3
6
11
15
5
13
12
2
7
9
15
20
20
13
17
5
17
11
1
13
12
12
5
20
5
10
19
18
16
5
9
1
11
7
17
11
4
20
17
17
9
11
4
2
8
8
15
10
9
7
3
5
12
8
19