output 4d{1,0,0,0,0,0,0,0,0,0,0,0,0,0,0,0,0,0,0,0} named "level 1"

output 4d{1,1,0,0,0,0,0,0,0,0,0,0,0,0,0,0,0,0,0,0} named "level 2"

output 4d{1,1,1,0,0,0,0,0,0,0,0,0,0,0,0,0,0,0,0,0} named "level 3"

output 4d{1,1,1,1,0,0,0,0,0,0,0,0,0,0,0,0,0,0,0,0} named "level 4"

output 4d{1,1,1,1,1,0,0,0,0,0,0,0,0,0,0,0,0,0,0,0} named "level 5"

output 4d{1,1,1,1,1,1,0,0,0,0,0,0,0,0,0,0,0,0,0,0} named "level 6"

output 4d{1,1,1,1,1,1,1,0,0,0,0,0,0,0,0,0,0,0,0,0} named "level 7"

output 4d{1,1,1,1,1,1,1,1,0,0,0,0,0,0,0,0,0,0,0,0} named "level 8"

output 4d{1,1,1,1,1,1,1,1,1,0,0,0,0,0,0,0,0,0,0,0} named "level 9"

output 4d{1,1,1,1,1,1,1,1,1,1,0,0,0,0,0,0,0,0,0,0} named "level 10"
output 4d{1,1,1,1,1,1,1,1,1,1,1,0,0,0,0,0,0,0,0,0} named "level 11"

output 4d{1,1,1,1,1,1,1,1,1,1,1,1,0,0,0,0,0,0,0,0} named "level 12"

output 4d{1,1,1,1,1,1,1,1,1,1,1,1,1,0,0,0,0,0,0,0} named "level 13"

output 4d{1,1,1,1,1,1,1,1,1,1,1,1,1,1,0,0,0,0,0,0} named "level 14"

output 4d{1,1,1,1,1,1,1,1,1,1,1,1,1,1,1,0,0,0,0,0} named "level 15"

output 4d{1,1,1,1,1,1,1,1,1,1,1,1,1,1,1,1,0,0,0,0} named "level 16"

output 4d{1,1,1,1,1,1,1,1,1,1,1,1,1,1,1,1,1,0,0,0} named "level 17"

output 4d{1,1,1,1,1,1,1,1,1,1,1,1,1,1,1,1,1,1,0,0} named "level 18"

output 4d{1,1,1,1,1,1,1,1,1,1,1,1,1,1,1,1,1,1,1,0} named "level 19"

















