P: {12, 12, 16, 18, 14, 14, 14, 10, 14, 11, 6, 18, 19, 10, 11, 12, 18, 14, 9, 17, 17, 4, 18, 12, 12, 18, 16, 10, 17, 8, 18, 9, 7, 10, 12, 14, 13, 7, 11, 16, 7, 13, 11, 9, 8, 18, 13, 15, 19, 15, 19, 15, 17, 14, 8, 8, 13, 9, 17, 7, 11, 15, 11, 15, 19, 13, 11, 17, 12, 10, 14, 16, 17, 9, 12, 14, 5, 15, 12, 12, 13, 13, 15, 12, 11, 16, 10, 12, 8, 14, 13, 13, 9, 17, 10, 8, 8, 15, 15, 19, 18, 12, 17, 17, 21, 14, 12, 15, 18, 13, 20, 15, 9, 19, 17, 15, 17, 20, 8, 6, 11, 12, 17, 14, 13, 12, 18, 15, 20, 9, 16, 10, 8, 8, 17, 5, 11, 17, 6, 8, 21, 16, 12, 13, 11, 20, 6, 10, 13, 7, 8, 15, 14, 12, 13, 19, 16, 14, 14, 11, 4, 11, 19, 11, 14, 13, 14, 12, 14, 5, 12, 21, 12, 9, 16, 5, 14, 8, 13, 8, 14, 8, 15, 14, 7, 16, 13, 15, 16, 19, 19, 22, 17, 7, 16, 12, 16, 10, 20, 13, 15, 7, 13, 13, 14, 14, 18, 14, 18, 17, 16, 11, 12, 18, 12, 12, 16, 7, 6, 13, 10, 12, 11, 18, 18, 12, 20, 8, 15, 14, 11, 20, 8, 18, 9, 19, 9, 20, 11, 21, 6, 12, 18, 7, 13, 15, 10, 14, 12, 12, 18, 13, 17, 14, 15, 17, 14, 14, 9, 15, 14, 11, 13, 15, 6, 19, 13, 17, 8, 9, 7, 20, 11, 16, 14, 18, 16, 14, 18, 9, 10, 17, 16, 10, 6, 16, 13, 13, 17, 8, 15, 14, 15, 19, 7, 15, 19, 15, 15, 8, 12, 7, 17, 8, 10, 8, 20, 7, 13, 7, 19, 8, 10, 18, 13, 15, 14, 19, 11, 9, 4, 13, 14, 9, 9, 7, 8, 22, 11, 11, 11, 13, 17, 16, 14, 14, 13, 18, 7, 16, 8, 20, 16, 13, 20, 16, 9, 13, 14, 12, 18, 11, 19, 10, 13, 17, 12, 7, 11, 17, 6, 19, 13, 17, 11, 17, 14, 22, 17, 4, 13, 11, 14, 14, 17, 11, 19, 17, 13, 12, 4, 12, 14, 16, 12, 15, 16, 15, 14, 9, 16, 7, 7, 10, 4, 14, 14, 7, 12, 8, 15, 7, 15, 17, 13, 15, 11, 21, 10, 18, 4, 17, 13, 17, 16, 19, 15, 12, 16, 10, 17, 12, 15, 12, 15, 19, 12, 9, 17, 10, 12, 11, 10, 10, 11, 21, 18, 13, 10, 19, 16, 14, 9, 11, 11, 12, 16, 13, 8, 13, 10, 16, 11, 9, 12, 8, 18, 16, 14, 15, 13, 14, 8, 15, 14, 14, 7, 12, 18, 13, 12, 14, 15, 7, 10, 19, 12, 16, 8, 17, 15, 19, 12, 10, 11, 17, 12, 13, 7, 10, 14, 12, 10, 17, 16, 11, 14, 7, 16, 12}

X: 0

loop N over {1..500}{
if  N@P >= 12 {
 X: X+1
}

}
output (X*100)/500

