output d{100, 10, 20, 30, 40, 50, 60, 70, 80, 90, 10, 11, 21, 31, 41, 51, 61, 71, 81, 91, 20, 21, 22, 32, 42, 52, 62, 72, 82, 92, 30, 31, 32, 33, 43, 53, 63, 73, 83, 93, 40, 41, 42, 43, 44, 54, 64, 74, 84, 94, 50, 51, 52, 53, 54, 55, 65, 75, 85, 95, 60, 61, 62, 63, 64, 65, 66, 76, 86, 96, 70, 71, 72, 73, 74, 75, 76, 77, 87, 97, 80, 81, 82, 83, 84, 85, 86, 87, 88, 98, 90, 91, 92, 93, 94, 95, 96, 97, 98, 99}