





output (0d{0,0,0,0,0,0,0,0,0,0,0,0,0,0,0,0,1,2,3,4} + 0d{0,0,0,0,0,0,0,0,0,0,0,0,0,0,0,1,2,3,4,5} + 0d{0,0,0,0,0,0,0,0,0,0,0,0,0,0,1,2,3,4,5,6} + 3d{0,0,0,0,0,0,0,0,0,0,-2,-1,0,1,2,3,4,5,6,7} + 0d{0,0,0,0,0,0,0,0,0,0,0,0,1,2,3,4,5,6,7,8} + 0d{0,0,0,0,0,0,0,0,0,0,0,1,2,3,4,5,6,7,8,9} + 0d{0,0,0,0,0,0,0,0,0,0,1,2,3,4,5,6,7,8,9,10} + 0d{0,0,0,0,0,0,0,0,0,1,2,3,4,5,6,7,8,9,10,11} + 0d{0,0,0,0,0,0,0,0,1,2,3,4,5,6,7,8,9,10,11,12} + 0d{0,0,0,0,0,0,0,1,2,3,4,5,6,7,8,9,10,11,12,13} + 0d{0,0,0,0,0,0,1,2,3,4,5,6,7,8,9,10,11,12,13,14} + 0d{0,0,0,0,0,1,2,3,4,5,6,7,8,9,10,11,12,13,14,15} + 0d{0,0,0,0,1,2,3,4,5,6,7,8,9,10,11,12,13,14,15,16} + 0d{0,0,0,1,2,3,4,5,6,7,8,9,10,11,12,13,14,15,16,17}) /2  named "3ATTS4--4"




output (0d{0,0,0,0,0,0,0,0,0,0,0,0,0,0,0,0,1,2,3,4} + 0d{0,0,0,0,0,0,0,0,0,0,0,0,0,0,0,1,2,3,4,5} + 0d{0,0,0,0,0,0,0,0,0,0,0,0,0,0,1,2,3,4,5,6} + 0d{0,0,0,0,0,0,0,0,0,0,0,0,0,1,2,3,4,5,6,7} + 0d{0,0,0,0,0,0,0,0,0,0,0,0,1,2,3,4,5,6,7,8} + 0d{0,0,0,0,0,0,0,0,0,0,0,1,2,3,4,5,6,7,8,9} + 0d{0,0,0,0,0,0,0,0,0,0,1,2,3,4,5,6,7,8,9,10} + 0d{0,0,0,0,0,0,0,0,0,1,2,3,4,5,6,7,8,9,10,11} + 3d{0,0,0,0,0,-2,-1,0,1,2,3,4,5,6,7,8,9,10,11,12} + 0d{0,0,0,0,0,0,0,1,2,3,4,5,6,7,8,9,10,11,12,13} + 0d{0,0,0,0,0,0,1,2,3,4,5,6,7,8,9,10,11,12,13,14} + 0d{0,0,0,0,0,1,2,3,4,5,6,7,8,9,10,11,12,13,14,15} + 0d{0,0,0,0,1,2,3,4,5,6,7,8,9,10,11,12,13,14,15,16} + 0d{0,0,0,1,2,3,4,5,6,7,8,9,10,11,12,13,14,15,16,17}) /2 named "3ATTS10--10"

output (0d{0,0,0,0,0,0,0,0,0,0,0,0,0,0,0,0,1,2,3,4} + 0d{0,0,0,0,0,0,0,0,0,0,0,0,0,0,0,1,2,3,4,5} + 0d{0,0,0,0,0,0,0,0,0,0,0,0,0,0,1,2,3,4,5,6} + 0d{0,0,0,0,0,0,0,0,0,0,0,0,0,1,2,3,4,5,6,7} + 0d{0,0,0,0,0,0,0,0,0,0,0,0,1,2,3,4,5,6,7,8} + 0d{0,0,0,0,0,0,0,0,0,0,0,1,2,3,4,5,6,7,8,9} + 0d{0,0,0,0,0,0,0,0,0,0,1,2,3,4,5,6,7,8,9,10} + 0d{0,0,0,0,0,0,0,0,0,1,2,3,4,5,6,7,8,9,10,11} + 0d{0,0,0,0,0,0,0,0,1,2,3,4,5,6,7,8,9,10,11,12} + 0d{0,0,0,0,0,0,0,1,2,3,4,5,6,7,8,9,10,11,12,13} + 0d{0,0,0,0,0,0,1,2,3,4,5,6,7,8,9,10,11,12,13,14} + 0d{0,0,0,0,0,1,2,3,4,5,6,7,8,9,10,11,12,13,14,15} + 0d{0,0,0,0,1,2,3,4,5,6,7,8,9,10,11,12,13,14,15,16} + 3d{0,0,-1,1,2,3,4,5,6,7,8,9,10,11,12,13,14,15,16,17} + 0d{-1,0,1,2,3,4,5,6,7,8,9,10,11,12,13,14,15,16,17,18} ) /2  named "3ATTS15--15"
