output d{1,0,0,0,0,0,0,0,0,0} named "A:1 S:0"
output d{1,0,0,0,0,0,0,0,0,0}+d{1,0,0,0,0,0,0,0,0,0} named "A:1 S:1"
output d{1,0,0,0,0,0,0,0,0,0}+d{1,2,3,0,0,0,0,0,0,0} named "A:1 S:3"
output d{1,0,0,0,0,0,0,0,0,0}+d{1,2,3,4,5,0,0,0,0,0} named "A:1 S:5"

output d{1,2,0,0,0,0,0,0,0,0} named "A:2 S:0"
output d{1,2,0,0,0,0,0,0,0,0}+d{1,2,0,0,0,0,0,0,0,0} named "A:2 S:2"
output d{1,2,0,0,0,0,0,0,0,0}+d{1,2,3,4,0,0,0,0,0,0} named "A:2 S:4"
output d{1,2,0,0,0,0,0,0,0,0}+d{1,2,3,4,5,6,0,0,0,0} named "A:2 S:6"

output d{1,2,3,0,0,0,0,0,0,0} named "A:3 S:0"
output d{1,2,3,0,0,0,0,0,0,0}+d{1,0,0,0,0,0,0,0,0,0} named "A:3 S:1"
output d{1,2,3,0,0,0,0,0,0,0}+d{1,2,3,0,0,0,0,0,0,0} named "A:3 S:3"
output d{1,2,3,0,0,0,0,0,0,0}+d{1,2,3,4,5,0,0,0,0,0} named "A:3 S:5"
output d{1,2,3,0,0,0,0,0,0,0}+d{1,2,3,4,5,6,7,0,0,0} named "A:3 S:7"

output d{1,2,3,4,0,0,0,0,0,0} named "A:4 S:0"
output d{1,2,3,4,0,0,0,0,0,0}+d{1,2,0,0,0,0,0,0,0,0} named "A:4 S:2"
output d{1,2,3,4,0,0,0,0,0,0}+d{1,2,3,4,0,0,0,0,0,0} named "A:4 S:4"
output d{1,2,3,4,0,0,0,0,0,0}+d{1,2,3,4,5,6,0,0,0,0} named "A:4 S:6"
output d{1,2,3,4,0,0,0,0,0,0}+d{1,2,3,4,5,6,7,8,0,0} named "A:4 S:8"

output d{1,2,3,4,5,0,0,0,0,0}+d{1,0,0,0,0,0,0,0,0,0} named "A:5 S:1"
output d{1,2,3,4,5,0,0,0,0,0}+d{1,2,3,0,0,0,0,0,0,0} named "A:5 S:3"
output d{1,2,3,4,5,0,0,0,0,0}+d{1,2,3,4,5,0,0,0,0,0} named "A:5 S:5"
output d{1,2,3,4,5,0,0,0,0,0}+d{1,2,3,4,5,6,7,0,0,0} named "A:5 S:7"
output d{1,2,3,4,5,0,0,0,0,0}+d{1,2,3,4,5,6,7,8,9,0} named "A:5 S:9"

output d{1,2,3,4,5,6,0,0,0,0}+d{1,2,0,0,0,0,0,0,0,0} named "A:6 S:2"
output d{1,2,3,4,5,6,0,0,0,0}+d{1,2,3,4,0,0,0,0,0,0} named "A:6 S:4"
output d{1,2,3,4,5,6,0,0,0,0}+d{1,2,3,4,5,6,0,0,0,0} named "A:6 S:6"
output d{1,2,3,4,5,6,0,0,0,0}+d{1,2,3,4,5,6,7,8,0,0} named "A:6 S:8"
output d{1,2,3,4,5,6,0,0,0,0}+d{1,2,3,4,5,6,7,8,9,0}+d{1,0,0,0,0,0,0,0,0,0} named "A:6 S:10"

output d{1,2,3,4,5,6,7,0,0,0}+d{1,2,3,0,0,0,0,0,0,0} named "A:7 S:3"
output d{1,2,3,4,5,6,7,0,0,0}+d{1,2,3,4,5,0,0,0,0,0} named "A:7 S:5"
output d{1,2,3,4,5,6,7,0,0,0}+d{1,2,3,4,5,6,7,0,0,0} named "A:7 S:7"
output d{1,2,3,4,5,6,7,0,0,0}+d{1,2,3,4,5,6,7,8,9,0} named "A:7 S:9"
output d{1,2,3,4,5,6,7,0,0,0}+d{2,3,4,5,6,7,8,9,0,0}+d{1,2,0,0,0,0,0,0,0,0} named "A:7 S:11"

output d{1,2,3,4,5,6,7,8,0,0}+d{1,2,3,4,0,0,0,0,0,0} named "A:8 S:4"
output d{1,2,3,4,5,6,7,8,0,0}+d{1,2,3,4,5,6,0,0,0,0} named "A:8 S:6"
output d{1,2,3,4,5,6,7,8,0,0}+d{1,2,3,4,5,6,7,8,0,0} named "A:8 S:8"
output d{1,2,3,4,5,6,7,8,0,0}+d{1,2,3,4,5,6,7,8,9,0}+d{1,0,0,0,0,0,0,0,0,0} named "A:8 S:10"
output d{1,2,3,4,5,6,7,8,0,0}+d{1,2,3,4,5,6,7,8,9,0}+d{1,2,3,0,0,0,0,0,0,0} named "A:8 S:12"

output d{1,2,3,4,5,6,7,8,9,0}+d{1,2,3,4,5,0,0,0,0,0} named "A:9 S:5"
output d{1,2,3,4,5,6,7,8,9,0}+d{1,2,3,4,5,6,7,0,0,0} named "A:9 S:7"
output d{1,2,3,4,5,6,7,8,9,0}+d{1,2,3,4,5,6,7,8,9,0} named "A:9 S:9"
output d{1,2,3,4,5,6,7,8,9,0}+d{1,2,3,4,5,6,7,8,9,0}+d{1,2,0,0,0,0,0,0,0,0} named "A:9 S:11"
output d{1,2,3,4,5,6,7,8,9,0}+d{1,2,3,4,5,6,7,8,9,0}+d{1,2,3,4,0,0,0,0,0,0} named "A:9 S:13"

output d{1,2,3,4,5,6,7,8,9,0}+d{1,0,0,0,0,0,0,0,0,0}+d{1,2,3,4,5,6,0,0,0,0} named "A:10 S:6"
output d{1,2,3,4,5,6,7,8,9,0}+d{1,0,0,0,0,0,0,0,0,0}+d{1,2,3,4,5,6,7,8,0,0} named "A:10 S:8"
output d{1,2,3,4,5,6,7,8,9,0}+d{1,0,0,0,0,0,0,0,0,0}+d{1,2,3,4,5,6,7,8,9,0}+d{1,0,0,0,0,0,0,0,0,0} named "A:10 S:10"
output d{1,2,3,4,5,6,7,8,9,0}+d{1,0,0,0,0,0,0,0,0,0}+d{1,2,3,4,5,6,7,8,9,0}+d{1,2,3,0,0,0,0,0,0,0} named "A:10 S:12"
output d{1,2,3,4,5,6,7,8,9,0}+d{1,0,0,0,0,0,0,0,0,0}+d{1,2,3,4,5,6,7,8,9,0}+d{1,2,3,4,5,0,0,0,0,0} named "A:10 S:14"