output ((d36<21) * (1d6>1) * (1 + ((1d6>2) * (1 + ((1d6>3) * (1 + ((1d6>4)* (1 + ((1d6>5)))))))))) named "PSYCHIC MAELSTROM"
output ((d36<21 * d36<21) * (1d6>1) * (1 + ((1d6>2) * (1 + ((1d6>3) * (1 + ((1d6>4)* (1 + ((1d6>5)))))))))) named "PSYCHIC MAELSTROM W/ CP RE-ROLL"
output d{0, 0, 0, 1, 1, 1, 0, 0, 1, 1, 1, 1, 0, 1, 1, 1, 1, 1, 1, 1, 1, 1, 1, 1, 1, 1, 1, 1, 1, 1, 1, 1, 1, 1, 1, 0, 0, 0, 0, 2, 2, 2, 0, 0, 2, 2, 2, 2, 0, 2, 2, 2, 2, 2, 2, 2, 2, 2, 2, 2, 2, 2, 2, 2, 2, 2, 2, 2, 2, 2, 2, 0, 0, 0, 0, 3, 3, 3, 0, 0, 3, 3, 3, 3, 0, 3, 3, 3, 3, 3, 3, 3, 3, 3, 3, 3, 3, 3, 3, 3, 3, 3, 3, 3, 3, 3, 3, 0, 0, 0, 0, 1, 1, 1, 0, 0, 1, 1, 1, 1, 0, 1, 1, 1, 1, 1, 1, 1, 1, 1, 1, 1, 1, 1, 1, 1, 1, 4, 1, 1, 1, 1, 4, 0, 0, 0, 0, 2, 2, 2, 0, 0, 2, 2, 2, 2, 0, 2, 2, 2, 2, 2, 2, 2, 2, 2, 2, 2, 2, 2, 2, 2, 2, 5, 2, 2, 2, 2, 5, 0, 0, 0, 0, 3, 3, 3, 0, 0, 3, 3, 3, 3, 0, 3, 3, 3, 3, 3, 3, 3, 3, 3, 3, 3, 3, 3, 3, 3, 3, 6, 3, 3, 3, 3, 6, 0
} named "SMITE"






