ABILITIES: 6 d [highest 1 of 1d{
0,0,0,0,0,0,0,0,0,0,1,1,1,1,2,2,2,3,3,4,
0,0,0,0,0,0,0,0,0,0,1,1,1,1,2,2,2,3,3,4,
0,0,0,0,0,0,0,0,0,0,1,1,1,1,2,2,2,3,3,4,
0,0,0,0,0,0,0,0,0,0,1,1,1,1,2,2,2,3,3,4,
0,0,0,0,0,0,0,0,0,0,1,1,1,1,2,2,2,3,3,4,
0,0,0,0,0,0,0,0,0,0,1,1,1,1,2,2,2,3,3,4,
0,0,0,0,0,0,0,0,0,0,1,1,1,1,2,2,2,3,3,4,
0,0,0,0,0,0,0,0,0,0,1,1,1,1,2,2,2,3,3,4,
0,0,0,0,0,0,0,0,0,0,1,1,1,1,2,2,2,3,3,4,
0,0,0,0,0,0,0,0,0,0,1,1,1,1,2,2,2,3,3,4,
0,0,0,0,0,0,0,0,0,0,1,1,1,1,2,2,2,3,3,4,
0,0,0,0,0,0,0,0,0,0,1,1,1,1,2,2,2,3,3,4,
0,0,0,0,0,0,0,0,0,0,1,1,1,1,2,2,2,3,3,4,
0,0,0,0,0,0,0,0,0,0,1,1,1,1,2,2,2,3,3,4,
0,0,0,0,0,0,0,0,0,0,1,1,1,1,2,2,2,3,3,4,
0,0,0,0,0,0,0,0,0,0,1,1,1,1,2,2,2,3,3,4,
0,0,0,0,0,0,0,0,0,0,1,1,1,1,2,2,2,3,3,4,
0,0,0,0,0,0,0,0,0,0,1,1,1,1,2,2,2,3,3,4,
0,0,0,0,0,0,0,0,0,0,1,1,1,1,2,2,2,3,3,4,
0,0,0,0,0,0,0,0,0,0,1,1,1,1,2,2,2,3,3,5
}]
loop P over {1..6} {
 output P @ ABILITIES named "Ability [P]"
}