output 1d{0,2,3,4,5,0,0,0,0,0,0,0,0,0,0,0,0,0,0,0}+1d12
output 1d{0,2,3,4,5,6,0,0,0,0,0,0,0,0,0,0,0,0,0,0}+1d12
output 1d{0,2,3,4,5,6,7,0,0,0,0,0,0,0,0,0,0,0,0,0}+1d12
output 1d{0,2,3,4,5,6,7,8,0,0,0,0,0,0,0,0,0,0,0,0}+1d12
output 1d{0,2,3,4,5,6,7,8,9,0,0,0,0,0,0,0,0,0,0,0}+1d12
output 1d{0,2,3,4,5,6,7,8,9,10,0,0,0,0,0,0,0,0,0,0}+1d12
output 1d{0,2,3,4,5,6,7,8,9,10,11,0,0,0,0,0,0,0,0,0}+1d12
output 1d{0,2,3,4,5,6,7,8,9,10,11,12,0,0,0,0,0,0,0,0}+1d12
output 1d{0,2,3,4,5,6,7,8,9,10,11,12,13,0,0,0,0,0,0,0}+1d12
output 1d{0,2,3,4,5,6,7,8,9,10,11,12,13,14,0,0,0,0,0,0}+1d12
output 1d{0,2,3,4,5,6,7,8,9,10,11,12,13,14,15,0,0,0,0,0}+1d12