output 6d{0,0,0,0,0,0, 0,0,0,0,0,0, 1,1,1,1,1,1, 1,1,1,1,1,1, 0,0,0,0,1,1, 0,0,0,0,1,1} named "heavy cannonade vs 3+"
output 6d{0,0,0,0,0,0, 0,0,0,0,0,0, 1,1,1,1,1,1, 1,1,1,1,1,1, 0,0,0,1,1,1, 0,0,0,1,1,1} named "heavy cannonade vs 4+"
output 6d{0,0,0,0,0,0, 0,0,0,0,0,0, 1,1,1,1,1,1, 1,1,1,1,1,1, 0,0,1,1,1,1, 0,0,1,1,1,1} named "heavy cannonade vs 5+"

output 6d{0,0,0,0,0,0, 1,1,1,1,1,1, 1,1,1,1,1,1, 1,1,1,1,1,1, 0,0,0,0,1,1, 0,0,0,0,1,1} named "heavy cannonade vs preferred 3+"
output 6d{0,0,0,0,0,0, 1,1,1,1,1,1, 1,1,1,1,1,1, 1,1,1,1,1,1, 0,0,0,1,1,1, 0,0,0,1,1,1} named "heavy cannonade vs preferred 4+"
output 6d{0,0,0,0,0,0, 1,1,1,1,1,1, 1,1,1,1,1,1, 1,1,1,1,1,1, 0,0,1,1,1,1, 0,0,1,1,1,1} named "heavy cannonade vs preferred 5+"

output 0d0 named ""

output 12d{0,0,0,0,0,0, 0,0,0,0,0,0, 0,0,0,0,0,0, 1,1,1,1,1,1, 0,0,0,0,1,1, 0,0,0,0,1,1} named "medium cannonade vs 3+"
output 12d{0,0,0,0,0,0, 0,0,0,0,0,0, 0,0,0,0,0,0, 1,1,1,1,1,1, 0,0,0,1,1,1, 0,0,0,1,1,1} named "medium cannonade vs 4+"
output 12d{0,0,0,0,0,0, 0,0,0,0,0,0, 0,0,0,0,0,0, 1,1,1,1,1,1, 0,0,1,1,1,1, 0,0,1,1,1,1} named "medium cannonade vs 5+"

output 0d0 named ""

output 18d{0,0,0,0,0,0, 0,0,0,0,0,0, 0,0,0,0,0,0, 0,0,0,0,0,0, 0,0,0,0,1,1, 0,0,0,0,1,1} named "light cannonade vs 3+"
output 18d{0,0,0,0,0,0, 0,0,0,0,0,0, 0,0,0,0,0,0, 0,0,0,0,0,0, 0,0,0,1,1,1, 0,0,0,1,1,1} named "light cannonade vs 4+"
output 18d{0,0,0,0,0,0, 0,0,0,0,0,0, 0,0,0,0,0,0, 0,0,0,0,0,0, 0,0,1,1,1,1, 0,0,1,1,1,1} named "light cannonade vs 5+"

output 18d{0,0,0,0,0,0, 0,0,0,0,0,0, 0,0,0,0,0,0, 1,1,1,1,1,1, 0,0,0,0,1,1, 0,0,0,0,1,1} named "light cannonade vs preferred 3+"
output 18d{0,0,0,0,0,0, 0,0,0,0,0,0, 0,0,0,0,0,0, 1,1,1,1,1,1, 0,0,0,1,1,1, 0,0,0,1,1,1} named "light cannonade vs preferred 4+"
output 18d{0,0,0,0,0,0, 0,0,0,0,0,0, 0,0,0,0,0,0, 1,1,1,1,1,1, 0,0,1,1,1,1, 0,0,1,1,1,1} named "light cannonade vs preferred 5+"