output d{10,10,10,10,10,10,10,10,10,10,11,12,13,14,15,16,17,18,19,20} - d{15,15,15,15,15,15,15,15,16,17,18,19,20,21,22,23,24,25,26,27}
output d{15,15,15,15,15,15,15,15,15,15,16,17,18,19,20,21,22,23,24,25} - d{15,15,15,15,15,15,15,15,16,17,18,19,20,21,22,23,24,25,26,27}
output d{18,18,18,18,18,18,18,18,18,18,19,20,21,22,23,24,25,26,27,28} - d{15,15,15,15,15,15,15,15,16,17,18,19,20,21,22,23,24,25,26,27}

output d{10,10,10,10,10,10,10,10,10,10,11,12,13,14,15,16,17,18,19,20} - d20 -7
output d{15,15,15,15,15,15,15,15,15,15,16,17,18,19,20,21,22,23,24,25} - d20 -7
output d{18,18,18,18,18,18,18,18,18,18,19,20,21,22,23,24,25,26,27,28} - d20 -7
output d20-d20-7


