output 3d65	2.78	
 
6	4.63	
 
7	6.94	
 
8	9.72	
 
9	11.57	
 
10	12.50	
 
11	12.50	
 
12	11.57	
 
13	9.72	
 
14	6.94	
 
15	4.63	
 
16	2.78	
 
17	1.39	5	2.78	
 
6	4.63	
 
7	6.94	
 
8	9.72	
 
9	11.57	
 
10	12.50	
 
11	12.50	
 
12	11.57	
 
13	9.72	
 
14	6.94	5	2.78	
 
6	4.63	
 
7	6.94	
 
8	9.72	
 
9	11.57	
 
10	12.50	
 
11	12.50	
 
12	11.57	
 
13	9.72	
 
14	6.94	
 
15	4.63	
 
16	2.78	
 
17	1.39	
 
18	0.46	5	2.78	
 
6	4.63	
 
7	6.94	
 
8	9.72	
 
9	11.57	
 
10	12.50	
 
11	12.50	
 
12	11.57	
 
13	9.72	
 
14	6.94	
 
15	4.63	
 
16	2.78	
 
17	1.39	
 
18	0.46	
 5	2.78	
 
6	4.63	
 
7	6.94	
 
8	9.72	
 
9	11.57	
 
10	12.50	
 
11	12.50	
 
12	11.57	
 
13	9.72	
 
14	6.94	
 
15	4.63	
 
16	2.78	
 
17	1.39	
 
18	0.46	
 
 
 5	2.78	
 
6	4.63	
 
7	6.94	
 
8	9.72	
 
9	11.57	
 
10	12.50	
 
11	12.50	
 
12	11.57	
 
13	9.72	
 
14	6.94	
 
15	4.63	
 
16	2.78	
 
17	1.39	
 
18	0.46	
 
15	4.63	
 
16	2.78	
 
17	1.39	
 
18	0.46	
 
 
18	0.46	
 