output 1d{0,0,0,0,0,0,0,0,0,0,1,1,1,1,1,1,1,2,2,3} named "Fate Die"

output 1d{0,0,0,0,0,0,0,0,0,0,1,1,1,1,1,1,1,2,2,3} + 1d{0,0,0,0,0,0,0,0,1,1} named "1 Advantage Die d10"
output 1d{0,0,0,0,0,0,0,0,0,0,1,1,1,1,1,1,1,2,2,3} + 1d{0,0,0,0,0,0,0,0,0,0,1,1} named "1 Advantage Die d12"
output 1d{0,0,0,0,0,0,0,0,0,0,1,1,1,1,1,1,1,2,2,3} + 2d{0,0,0,0,0,0,0,0,1,1} named "2AD d10"
output 1d{0,0,0,0,0,0,0,0,0,0,1,1,1,1,1,1,1,2,2,3} + 3d{0,0,0,0,0,0,0,0,1,1} named "3AD d10"

output 1d{0,0,0,0,0,0,0,0,0,0,1,1,1,1,1,1,1,2,2,3} + 3d{0,0,0,1,1,1} named "1 Skill Die"
output 1d{0,0,0,0,0,0,0,0,0,0,1,1,1,1,1,1,1,2,2,3} + 1d{0,0,0,1,1,1} + 1d{0,0,0,0,0,0,0,0,-1,-1} named "1SD 1DD"
output 1d{0,0,0,0,0,0,0,0,0,0,1,1,1,1,1,1,1,2,2,3} + 1d{0,0,0,1,1,1} + 2d{0,0,0,0,0,0,0,0,1,1} named "1SD 2AD"

output 1d{0,0,0,0,0,0,0,0,0,0,1,1,1,1,1,1,1,2,2,3} + 2d{0,0,0,1,1,1} named "2 SD"
output 1d{0,0,0,0,0,0,0,0,0,0,1,1,1,1,1,1,1,2,2,3} + 2d{0,0,0,1,1,1} + 1d{0,0,0,0,0,0,0,0,1,1} named "2SD 1AD"
output 1d{0,0,0,0,0,0,0,0,0,0,1,1,1,1,1,1,1,2,2,3} + 2d{0,0,0,1,1,1} + 2d{0,0,0,0,0,0,0,0,1,1} named "2SD 2AD"

output 1d{0,0,0,0,0,0,0,0,0,0,1,1,1,1,1,1,1,2,2,3} + 3d{0,0,0,1,1,1} named "3 SD"
output 1d{0,0,0,0,0,0,0,0,0,0,1,1,1,1,1,1,1,2,2,3} + 3d{0,0,0,1,1,1} + 1d{0,0,0,0,0,0,0,0,1,1} named "3SD 1AD"
output 1d{0,0,0,0,0,0,0,0,0,0,1,1,1,1,1,1,1,2,2,3} + 3d{0,0,0,1,1,1} + 2d{0,0,0,0,0,0,0,0,1,1} named "3SD 2AD"