output 1d{
0, -1, -2, -3, -4, -5, -6, -7, -8, -9,
2, 2, 2, 2, 2, 2, 2, 2, 2, 2, 
3, 3, 3, 3, 3, 3, 3, 3, 3, 3, 
4, 4, 4, 4, 4, 4, 4, 4, 4, 4, 
5, 5, 5, 5, 5, 5, 5, 5, 5, 5, 
6, 6, 6, 6, 6, 6, 6, 6, 6, 6, 
7, 7, 7, 7, 7, 7, 7, 7, 7, 7, 
8, 8, 8, 8, 8, 8, 8, 8, 8, 8, 
9, 9, 9, 9, 9, 9, 9, 9, 9, 9, 
11, 12, 13, 14, 15, 16, 17, 18, 19, 20} - 1d{
0, -1, -2, -3, -4, -5, -6, -7, -8, -9,
2, 2, 2, 2, 2, 2, 2, 2, 2, 2, 
3, 3, 3, 3, 3, 3, 3, 3, 3, 3, 
4, 4, 4, 4, 4, 4, 4, 4, 4, 4, 
5, 5, 5, 5, 5, 5, 5, 5, 5, 5, 
6, 6, 6, 6, 6, 6, 6, 6, 6, 6, 
7, 7, 7, 7, 7, 7, 7, 7, 7, 7, 
8, 8, 8, 8, 8, 8, 8, 8, 8, 8, 
9, 9, 9, 9, 9, 9, 9, 9, 9, 9, 
11, 12, 13, 14, 15, 16, 17, 18, 19, 20} named "Default Opposed Roll"


output 1d{
0, -1, -2, -3, -4, -5, -6, -7, -8, -100,
2, 2, 2, 2, 2, 2, 2, 2, 2, 2, 
3, 3, 3, 3, 3, 3, 3, 3, 3, 3, 
4, 4, 4, 4, 4, 4, 4, 4, 4, 4, 
5, 5, 5, 5, 5, 5, 5, 5, 5, 5, 
6, 6, 6, 6, 6, 6, 6, 6, 6, 6, 
7, 7, 7, 7, 7, 7, 7, 7, 7, 7, 
8, 8, 8, 8, 8, 8, 8, 8, 8, 8, 
9, 9, 9, 9, 9, 9, 9, 9, 9, 9, 
11, 12, 13, 14, 15, 16, 17, 18, 19, 100} - 1d{
0, -1, -2, -3, -4, -5, -6, -7, -8, -100,
2, 2, 2, 2, 2, 2, 2, 2, 2, 2, 
3, 3, 3, 3, 3, 3, 3, 3, 3, 3, 
4, 4, 4, 4, 4, 4, 4, 4, 4, 4, 
5, 5, 5, 5, 5, 5, 5, 5, 5, 5, 
6, 6, 6, 6, 6, 6, 6, 6, 6, 6, 
7, 7, 7, 7, 7, 7, 7, 7, 7, 7, 
8, 8, 8, 8, 8, 8, 8, 8, 8, 8, 
9, 9, 9, 9, 9, 9, 9, 9, 9, 9, 
11, 12, 13, 14, 15, 16, 17, 18, 19, 100} named "100s on Tail Values Opposed Roll"

