output 4d{0,0,0,0,0,0, 0,0,0,0,0,0, 0,0,0,0,0,0, 1,1,1,1,1,1, 0,0,0,0,1,1, 0,0,0,0,1,1} named "2x 4200 vs 3+"
output 4d{0,0,0,0,0,0, 0,0,0,0,0,0, 0,0,0,0,0,0, 1,1,1,1,1,1, 0,0,0,1,1,1, 0,0,0,1,1,1} named "2x 4200 vs 4+"
output 4d{0,0,0,0,0,0, 0,0,0,0,0,0, 0,0,0,0,0,0, 1,1,1,1,1,1, 0,0,1,1,1,1, 0,0,1,1,1,1} named "2x 4200 vs 5+"

output 4d{0,0,0,0,0,0, 0,0,0,0,0,0, 1,1,1,1,1,1, 1,1,1,1,1,1, 0,0,0,0,1,1, 0,0,0,0,1,1} named "2x 6400 vs 3+"
output 4d{0,0,0,0,0,0, 0,0,0,0,0,0, 1,1,1,1,1,1, 1,1,1,1,1,1, 0,0,0,1,1,1, 0,0,0,1,1,1} named "2x 6400 vs 4+"
output 4d{0,0,0,0,0,0, 0,0,0,0,0,0, 1,1,1,1,1,1, 1,1,1,1,1,1, 0,0,1,1,1,1, 0,0,1,1,1,1} named "2x 6400 vs 5+"

output 8d{0,0,0,0,0,0, 0,0,0,0,0,0, 0,0,0,0,0,0, 1,1,1,1,1,1, 0,0,0,0,1,1, 0,0,0,0,1,1} named "4x 4200 vs 3+"
output 8d{0,0,0,0,0,0, 0,0,0,0,0,0, 0,0,0,0,0,0, 1,1,1,1,1,1, 0,0,0,1,1,1, 0,0,0,1,1,1} named "4x 4200 vs 4+"
output 8d{0,0,0,0,0,0, 0,0,0,0,0,0, 0,0,0,0,0,0, 1,1,1,1,1,1, 0,0,1,1,1,1, 0,0,1,1,1,1} named "4x 4200 vs 5+"

output 6d{0,0,0,0,0,0, 0,0,0,0,0,0, 1,1,1,1,1,1, 1,1,1,1,1,1, 0,0,0,0,1,1, 0,0,0,0,1,1} named "3x 6400 vs 3+"
output 6d{0,0,0,0,0,0, 0,0,0,0,0,0, 1,1,1,1,1,1, 1,1,1,1,1,1, 0,0,0,1,1,1, 0,0,0,1,1,1} named "3x 6400 vs 4+"
output 6d{0,0,0,0,0,0, 0,0,0,0,0,0, 1,1,1,1,1,1, 1,1,1,1,1,1, 0,0,1,1,1,1, 0,0,1,1,1,1} named "3x 6400 vs 5+"